           7          38
   407300830
   372897350
   540290464
   910147226
   946090456
   314336842
   906782565
   997190798
   325486868
   977366347
   956036653
   419708260
   801570892
   779625072
   137633582
   898390846
   726841854
   591725444
   656411508
   816886218
   713541554
   640259403
   728570642
   368406861
    56515830
     2303348
   777057834
   887379143
   990572867
    12599660
    66810316
   680516292
   623232470
   891720377
   520934490
   329157494
   471190590
   909600310
   299285487
   395939852
   318003312
   174303132
   971157482
   529750679
   684848910
   130468817
    92494012
   686539054
   136932024
   997525557
   884189360
   105469933
   917170609
   781989382
   973164914
